best_mdd_pct: 4.5239213578284545
best_n_cycles: 45
best_n_trades: 108
best_return_pct: 2.5888268436599864
best_sharpe: 0.9305596162038905
path_id: 7
test_groups: '[1, 4]'
test_n: 18028
train_n: 35387
variant: sym
wallclock_sec: 412.9
