best_mdd_pct: 2.677661510340463
best_n_cycles: 61
best_n_trades: 129
best_return_pct: 5.108662055281622
best_val_sharpe: 1.4121356780458858
final_mdd_pct: 3.317623822725131
final_n_cycles: 50
final_n_trades: 106
final_return_pct: 3.9562919912391834
final_val_sharpe: 1.0725420271505377
seed: 51
variant: sym
wallclock_sec: 246.0
