best_mdd_pct: 2.2462739571479178
best_n_cycles: 59
best_n_trades: 123
best_return_pct: 0.8481483697564851
best_sharpe: 0.503109691027696
path_id: 14
test_groups: '[4, 5]'
test_n: 18031
train_n: 35888
variant: asym
wallclock_sec: 306.8
