best_mdd_pct: 3.2149309251346123
best_n_cycles: 67
best_n_trades: 142
best_return_pct: 4.821824031440545
best_val_sharpe: 1.2267682095274937
final_mdd_pct: 12.144411043934317
final_n_cycles: 52
final_n_trades: 126
final_return_pct: 0.8601403199709189
final_val_sharpe: 0.09416748217029185
seed: 44
variant: sym
wallclock_sec: 231.4
