best_mdd_pct: 2.7318722097147186
best_n_cycles: 76
best_n_trades: 160
best_return_pct: 1.9242957837225383
best_sharpe: 0.9736152671945405
path_id: 11
test_groups: '[2, 5]'
test_n: 18031
train_n: 35552
variant: pt
wallclock_sec: 206.4
