best_mdd_pct: 2.2239328856199347
best_n_cycles: 29
best_n_trades: 61
best_return_pct: 4.8286781136366415
best_val_sharpe: 1.7823011882632982
final_mdd_pct: 2.073917014276879
final_n_cycles: 12
final_n_trades: 25
final_return_pct: 1.6865513194124973
final_val_sharpe: 1.0014556858660681
seed: 51
variant: pt
wallclock_sec: 345.6
