best_mdd_pct: 8.367102638118007
best_n_cycles: 66
best_n_trades: 142
best_return_pct: 1.9698566417881544
best_sharpe: 1.4966481414103694
path_id: 13
test_groups: '[3, 5]'
test_n: 18031
train_n: 35552
variant: dsr
wallclock_sec: 228.7
