best_mdd_pct: 3.960491565306205
best_n_cycles: 65
best_n_trades: 141
best_return_pct: 12.067576169487166
best_sharpe: 2.0505569765584517
path_id: 2
test_groups: '[0, 3]'
test_n: 18028
train_n: 35555
variant: sym
wallclock_sec: 419.8
