best_mdd_pct: 8.302610544684168
best_n_cycles: 68
best_n_trades: 145
best_return_pct: 1.8005073129690508
best_sharpe: 1.5443666760126953
path_id: 13
test_groups: '[3, 5]'
test_n: 18031
train_n: 35552
variant: sym
wallclock_sec: 217.5
