best_mdd_pct: 3.315170257769804
best_n_cycles: 67
best_n_trades: 144
best_return_pct: 7.206317959002793
best_sharpe: 1.6477662858095994
path_id: 12
test_groups: '[3, 4]'
test_n: 18028
train_n: 35723
variant: sym
wallclock_sec: 330.9
