best_mdd_pct: 3.9989731907416455
best_n_cycles: 70
best_n_trades: 154
best_return_pct: 9.938440583749681
best_sharpe: 1.1085042011923494
path_id: 3
test_groups: '[0, 4]'
test_n: 18028
train_n: 35555
variant: sym
wallclock_sec: 445.6
