best_mdd_pct: 2.5593592564084005
best_n_cycles: 62
best_n_trades: 142
best_return_pct: 2.481587059873474
best_sharpe: 1.2240444224002514
path_id: 14
test_groups: '[4, 5]'
test_n: 18031
train_n: 35888
variant: sym
wallclock_sec: 411.3
