best_mdd_pct: 4.0276528175215605
best_n_cycles: 80
best_n_trades: 174
best_return_pct: 6.31601554021812
best_sharpe: 0.806961649097636
path_id: 4
test_groups: '[0, 5]'
test_n: 18031
train_n: 35720
variant: asym
wallclock_sec: 224.0
