best_mdd_pct: 2.6679613811666347
best_n_cycles: 57
best_n_trades: 119
best_return_pct: 4.320457235919141
best_val_sharpe: 1.3053050713678422
final_mdd_pct: 2.0062824469840166
final_n_cycles: 11
final_n_trades: 23
final_return_pct: 0.7966380391148764
final_val_sharpe: 0.5475374971718182
seed: 47
variant: asym
wallclock_sec: 270.4
