best_mdd_pct: 4.037955484639923
best_n_cycles: 75
best_n_trades: 160
best_return_pct: 9.66053639803054
best_sharpe: 1.7606532825524337
path_id: 2
test_groups: '[0, 3]'
test_n: 18028
train_n: 35555
variant: asym
wallclock_sec: 243.8
