best_mdd_pct: 2.0010682688929946
best_n_cycles: 30
best_n_trades: 62
best_return_pct: 4.411660006418929
best_val_sharpe: 1.5476183895565214
final_mdd_pct: 1.6483384988616876
final_n_cycles: 9
final_n_trades: 19
final_return_pct: 1.333113843413991
final_val_sharpe: 0.8321276373401769
seed: 50
variant: pt
wallclock_sec: 373.5
