baseline_sharpe: 38.186
best_params:
  clip_range: 0.39737991516955623
  ent_coef: 0.011108782055567971
  gae_lambda: 0.9450649378405006
  gamma: 0.9522787385722788
  learning_rate: 0.00012070838803805108
  n_steps: 2048
best_sharpe: 38.537141046398474
best_trial: 56
