baseline_sharpe: 59.003
best_params:
  clip_range: 0.10316341607248472
  ent_coef: 0.018203471849009764
  gae_lambda: 0.905577883235133
  gamma: 0.9875385461897683
  learning_rate: 0.00016751360597050326
  n_splits: 7
  n_steps: 4096
best_sharpe: 1.1916791725260536
best_trial: 34
