best_mdd_pct: 11.674282547021754
best_n_cycles: 47
best_n_trades: 120
best_return_pct: 7.657749742118196
best_sharpe: 1.40767693127372
path_id: 1
test_groups: '[0, 2]'
test_n: 18028
train_n: 35555
variant: dsr
wallclock_sec: 419.6
