best_mdd_pct: 8.353114627835357
best_n_cycles: 70
best_n_trades: 149
best_return_pct: 1.1567799656603435
best_sharpe: 1.3860011963251653
path_id: 13
test_groups: '[3, 5]'
test_n: 18031
train_n: 35552
variant: pt
wallclock_sec: 233.6
