best_mdd_pct: 1.972137759276516
best_n_cycles: 22
best_n_trades: 45
best_return_pct: 1.5686587512143313
best_sharpe: 0.711966606232699
path_id: 5
test_groups: '[1, 2]'
test_n: 18028
train_n: 35723
variant: pt
wallclock_sec: 385.3
