best_mdd_pct: 4.572723774163052
best_n_cycles: 75
best_n_trades: 162
best_return_pct: 4.781911612473706
best_sharpe: 0.6900394945499249
path_id: 1
test_groups: '[0, 2]'
test_n: 18028
train_n: 35555
variant: sym
wallclock_sec: 266.0
