baseline_sharpe: 59.0026
best_params:
  A_b: 0.010979982582795741
  A_s: 0.01108868462603909
  C_b: 19.155886537907662
  C_s: 0.1058914095016624
  n_splits: 3
best_sharpe: 75.0291
best_trial: 183
improvement: 16.0265
