best_mdd_pct: 4.87875760392822
best_n_cycles: 52
best_n_trades: 124
best_return_pct: 10.474024651417915
best_sharpe: 1.6641888308868964
path_id: 3
test_groups: '[0, 4]'
test_n: 18028
train_n: 35555
variant: dsr
wallclock_sec: 327.8
