best_mdd_pct: 3.000796431715262
best_n_cycles: 69
best_n_trades: 145
best_return_pct: 6.518055814479053
best_sharpe: 1.929298885084804
path_id: 9
test_groups: '[2, 3]'
test_n: 18028
train_n: 35723
variant: sym
wallclock_sec: 223.6
