best_mdd_pct: 2.902530021116106
best_n_cycles: 75
best_n_trades: 160
best_return_pct: 1.907039627531797
best_sharpe: 0.9446661644453094
path_id: 11
test_groups: '[2, 5]'
test_n: 18031
train_n: 35552
variant: asym
wallclock_sec: 214.0
