best_mdd_pct: 2.8351640119112056
best_n_cycles: 74
best_n_trades: 160
best_return_pct: 2.922431446225713
best_sharpe: 1.200528235319206
path_id: 11
test_groups: '[2, 5]'
test_n: 18031
train_n: 35552
variant: sym
wallclock_sec: 413.4
