best_mdd_pct: 4.4854183548399735
best_n_cycles: 72
best_n_trades: 156
best_return_pct: 4.775734197208094
best_sharpe: 0.7246870901974217
path_id: 1
test_groups: '[0, 2]'
test_n: 18028
train_n: 35555
variant: asym
wallclock_sec: 265.9
